1 0.031071 49
0.99843 -0.0024125 49
0.99686 -0.003863 49
0.99529 -0.0040087 49
0.99373 -0.00086006 49
0.99215 -0.00050292 49
0.99059 0.00067784 49
0.98902 0.0020335 49
0.98746 0.0029592 49
0.98589 0.0044534 49
0.98434 0.0057362 49
0.98277 0.0070627 49
0.98121 0.0083746 49
0.97964 0.0097012 49
0.97809 0.01102 49
0.97652 0.012303 49
0.97496 0.013564 49
0.97339 0.014818 49
0.97184 0.016035 49
0.97027 0.017318 49
0.96871 0.018615 49
0.96714 0.019949 49
0.96558 0.021261 49
0.96402 0.022566 49
0.96246 0.023776 49
0.96089 0.025022 49
0.95933 0.026239 49
0.95776 0.02742 49
0.9562 0.028477 49
0.95463 0.029534 49
0.95307 0.030612 49
0.9515 0.031706 49
0.94994 0.032879 49
0.94837 0.034198 49
0.94681 0.035415 49
0.94524 0.036589 49
0.94367 0.037719 49
0.94211 0.038805 49
0.94054 0.039905 49
0.93898 0.041028 49
0.93741 0.042172 49
0.93584 0.043353 49
0.93427 0.044534 49
0.93271 0.045627 49
0.93114 0.046735 49
0.92957 0.047894 49
0.928 0.048972 49
0.92644 0.050058 49
0.92487 0.051166 49
0.9233 0.052303 49
0.92173 0.053404 49
0.92017 0.054534 49
0.9186 0.055649 49
0.91703 0.056771 49
0.91546 0.057945 49
0.9139 0.059118 49
0.91232 0.06027 49
0.91076 0.061399 49
0.90919 0.062515 49
0.90762 0.063608 49
0.90605 0.064701 49
0.90449 0.065831 49
0.90291 0.066983 49
0.90135 0.068178 49
0.89977 0.069329 49
0.8982 0.070474 49
0.89664 0.071618 49
0.89506 0.072777 49
0.8935 0.073921 49
0.89193 0.07508 49
0.89036 0.076224 49
0.88879 0.077347 49
0.88722 0.078491 49
0.88565 0.079636 49
0.88409 0.080816 49
0.88251 0.082019 49
0.88095 0.083243 49
0.87937 0.08441 49
0.87781 0.085576 49
0.87624 0.086662 49
0.87467 0.087697 49
0.8731 0.088783 49
0.87153 0.089905 49
0.86996 0.091071 49
0.8684 0.092303 49
0.86682 0.093557 49
0.86526 0.094789 49
0.86368 0.096006 49
0.86212 0.097128 49
0.86054 0.098273 49
0.85897 0.099388 49
0.85741 0.10047 49
0.85583 0.10152 49
0.85427 0.1027 49
0.85269 0.10389 49
0.85113 0.10513 49
0.84955 0.10624 49
0.84799 0.10739 49
0.84641 0.10851 49
0.84485 0.10962 49
0.84328 0.1108 49
0.84171 0.11203 49
0.84014 0.11329 49
0.83857 0.11457 49
0.837 0.11592 49
0.83543 0.11713 49
0.83386 0.11834 49
0.83229 0.11943 49
0.83072 0.12055 49
0.82915 0.12164 49
0.82758 0.12275 49
0.82601 0.12382 49
0.82444 0.12492 49
0.82287 0.12611 49
0.8213 0.12741 49
0.81973 0.12878 49
0.81816 0.1302 49
0.81659 0.13163 49
0.81502 0.13295 49
0.81345 0.13421 49
0.81188 0.13531 49
0.81031 0.13639 49
0.80874 0.13755 49
0.80717 0.1387 49
0.8056 0.13996 49
0.80403 0.14125 49
0.80246 0.14254 49
0.80089 0.14382 49
0.79932 0.1452 49
0.79775 0.14656 49
0.79618 0.14787 49
0.79461 0.14914 49
0.79304 0.15039 49
0.79147 0.15164 49
0.7899 0.15287 49
0.78833 0.15413 49
0.78676 0.15545 49
0.78518 0.15678 49
0.78362 0.15805 49
0.78204 0.15925 49
0.78048 0.16046 49
0.7789 0.16176 49
0.77733 0.16309 49
0.77576 0.16457 49
0.77419 0.16598 49
0.77262 0.16741 49
0.77105 0.16883 49
0.76948 0.17017 49
0.7679 0.17144 49
0.76634 0.17252 49
0.76476 0.1736 49
0.7632 0.17471 49
0.76162 0.17598 49
0.76006 0.17729 49
0.75848 0.17876 49
0.75691 0.18026 49
0.75534 0.18181 49
0.75377 0.18326 49
0.7522 0.18464 49
0.75063 0.18593 49
0.74905 0.1872 49
0.74749 0.1885 49
0.74591 0.18972 49
0.74435 0.19103 49
0.74277 0.1923 49
0.74119 0.19359 49
0.73963 0.19493 49
0.73805 0.19636 49
0.73649 0.19781 49
0.73491 0.19922 49
0.73334 0.20063 49
0.73177 0.20205 49
0.7302 0.20348 49
0.72862 0.20483 49
0.72706 0.20614 49
0.72548 0.20747 49
0.72392 0.20884 49
0.72234 0.21021 49
0.72077 0.21155 49
0.7192 0.21286 49
0.71763 0.21426 49
0.71605 0.21558 49
0.71449 0.21694 49
0.71291 0.21826 49
0.71134 0.21969 49
0.70977 0.22114 49
0.7082 0.22257 49
0.70662 0.22397 49
0.70506 0.2254 49
0.70348 0.22683 49
0.7019 0.22826 49
0.70034 0.22972 49
0.69876 0.23106 49
0.69719 0.2326 49
0.69562 0.23407 49
0.69405 0.2355 49
0.69247 0.23694 49
0.6909 0.23838 49
0.68933 0.23983 49
0.68776 0.24124 49
0.68618 0.24257 49
0.68461 0.24388 49
0.68304 0.24523 49
0.68147 0.24661 49
0.67989 0.24805 49
0.67833 0.24948 49
0.67675 0.25092 49
0.67518 0.25229 49
0.6736 0.2538 49
0.67203 0.25531 49
0.67046 0.25684 49
0.66889 0.25843 49
0.66731 0.26 49
0.66573 0.26152 49
0.66417 0.26291 49
0.66259 0.26425 49
0.66102 0.2656 49
0.65944 0.26707 49
0.65787 0.26862 49
0.6563 0.27017 49
0.65473 0.27172 49
0.65315 0.27323 49
0.65158 0.2747 49
0.65 0.27614 49
0.64843 0.27745 49
0.64686 0.27877 49
0.64529 0.28018 49
0.64371 0.28168 49
0.64214 0.28319 49
0.64056 0.28476 49
0.63899 0.28637 49
0.63741 0.28808 49
0.63584 0.28974 49
0.63426 0.29129 49
0.63269 0.29285 49
0.63112 0.29448 49
0.62954 0.29599 49
0.62797 0.29755 49
0.62639 0.29905 49
0.62482 0.30063 49
0.62324 0.30203 49
0.62167 0.30347 49
0.62009 0.30488 49
0.61852 0.30619 49
0.61694 0.3076 49
0.61537 0.30908 49
0.61379 0.31061 49
0.61222 0.31216 49
0.61064 0.31375 49
0.60907 0.31541 49
0.60749 0.31703 49
0.60592 0.31872 49
0.60434 0.3203 49
0.60277 0.32191 49
0.60119 0.32352 49
0.59961 0.32516 49
0.59804 0.32665 49
0.59646 0.32816 49
0.59489 0.32956 49
0.59331 0.331 49
0.59174 0.33241 49
0.59016 0.33388 49
0.58858 0.33535 49
0.587 0.33699 49
0.58543 0.33862 49
0.58385 0.34034 49
0.58228 0.342 49
0.5807 0.34351 49
0.57913 0.34494 49
0.57755 0.34644 49
0.57597 0.34797 49
0.57439 0.34953 49
0.57282 0.35102 49
0.57124 0.35264 49
0.56966 0.35423 49
0.56809 0.35579 49
0.5665 0.35727 49
0.56493 0.35898 49
0.56335 0.3608 49
0.56178 0.36265 49
0.56019 0.36424 49
0.55862 0.36582 49
0.55704 0.36728 49
0.55547 0.36872 49
0.55388 0.37017 49
0.55231 0.37184 49
0.55073 0.37332 49
0.54916 0.37477 49
0.54757 0.37617 49
0.546 0.37763 49
0.54442 0.37912 49
0.54283 0.38071 49
0.54126 0.38238 49
0.53968 0.38418 49
0.5381 0.38579 49
0.53652 0.38731 49
0.53494 0.38869 49
0.53336 0.39027 49
0.53179 0.39181 49
0.5302 0.39352 49
0.52863 0.39525 49
0.52704 0.39703 49
0.52547 0.39872 49
0.52389 0.40042 49
0.52231 0.40212 49
0.52073 0.40404 49
0.51915 0.40579 49
0.51757 0.40757 49
0.51599 0.40917 49
0.51441 0.41081 49
0.51282 0.41232 49
0.51125 0.41391 49
0.50966 0.41544 49
0.50809 0.41717 49
0.5065 0.41871 49
0.50492 0.42023 49
0.50334 0.42176 49
0.50176 0.42346 49
0.50018 0.42518 49
0.4986 0.42691 49
0.49702 0.42873 49
0.49544 0.43064 49
0.49385 0.43238 49
0.49228 0.43433 49
0.49069 0.436 49
0.4891 0.43754 49
0.48753 0.43895 49
0.48594 0.44029 49
0.48436 0.44187 49
0.48278 0.44367 49
0.4812 0.44556 49
0.47961 0.44734 49
0.47804 0.44902 49
0.47645 0.45079 49
0.47487 0.45256 49
0.47328 0.45453 49
0.47171 0.4568 49
0.47012 0.45897 49
0.46854 0.46058 49
0.46695 0.462 49
0.46537 0.46344 49
0.46379 0.46528 49
0.4622 0.46719 49
0.46062 0.46905 49
0.45903 0.47063 49
0.45745 0.47231 49
0.45586 0.47366 49
0.45429 0.47527 49
0.4527 0.47687 49
0.45112 0.47869 49
0.44953 0.48019 49
0.44795 0.482 49
0.44636 0.48387 49
0.44478 0.48614 49
0.44319 0.48819 49
0.44161 0.49015 49
0.44002 0.49153 49
0.43843 0.49334 49
0.43685 0.49527 49
0.43526 0.4974 49
0.43368 0.49923 49
0.43209 0.5013 49
0.43051 0.50318 49
0.42892 0.50527 49
0.42734 0.507 49
0.42575 0.50882 49
0.42417 0.51031 49
0.42257 0.51196 49
0.42099 0.51349 49
0.4194 0.51573 49
0.41781 0.51789 49
0.41623 0.52026 49
0.41464 0.52227 49
0.41305 0.52402 49
0.41146 0.52545 49
0.40988 0.52686 49
0.40829 0.52869 49
0.4067 0.53079 49
0.40511 0.53325 49
0.40353 0.53594 49
0.40194 0.53792 49
0.40035 0.5406 49
0.39876 0.54216 49
0.39718 0.54369 49
0.39558 0.54525 49
0.39399 0.54816 49
0.39241 0.55078 49
0.39081 0.55404 49
0.38923 0.55609 49
0.38763 0.55875 49
0.38605 0.56117 49
0.38446 0.56389 49
0.38287 0.56649 49
0.38128 0.57006 49
0.37969 0.573 49
0.3781 0.57606 49
0.37651 0.57923 49
0.37492 0.58272 49
0.37332 0.58563 49
0.37174 0.58865 49
0.37014 0.59071 49
0.36855 0.59367 49
0.36696 0.59634 49
0.36537 0.59981 49
0.36378 0.60202 49
0.36219 0.60593 49
0.36059 0.60952 49
0.35901 0.61404 49
0.35741 0.61806 49
0.35581 0.62375 49
0.35423 0.62848 49
0.35263 0.63378 49
0.35104 0.63809 49
0.34944 0.6444 49
0.34786 0.64934 49
0.34626 0.65452 49
0.34467 0.65953 49
0.34307 0.66681 49
0.34148 0.67319 49
0.33988 0.679 49
0.3383 0.68345 49
0.3367 0.69061 49
0.3351 0.69641 49
0.33351 0.70264 49
0.33191 0.70918 49
0.33032 0.71883 49
0.32872 0.72679 49
0.32713 0.73555 49
0.32553 0.74363 49
0.32394 0.75572 49
0.32234 0.7656 49
0.32075 0.77637 49
0.31915 0.78517 49
0.31755 0.79727 49
0.31596 0.80894 49
0.31436 0.82089 49
0.31277 0.83266 49
0.31116 0.84723 49
0.30957 0.86182 49
0.30797 0.87534 49
0.30638 0.88706 49
0.30478 0.90247 49
0.30318 0.91771 49
0.30158 0.93345 49
0.29998 0.94697 49
0.29839 0.96505 49
0.29678 0.98265 49
0.29519 0.99972 49
0.29359 1.0144 49
0.29199 1.0344 49
0.29039 1.0531 49
0.2888 1.0725 49
0.28719 1.0893 49
0.2856 1.1096 49
0.28399 1.1283 49
0.28239 1.1482 49
0.28079 1.1678 49
0.27919 1.1918 49
0.27759 1.2131 49
0.27599 1.2365 49
0.27439 1.2577 49
0.27279 1.2818 49
0.27119 1.3051 49
0.26959 1.3273 49
0.26798 1.3472 49
0.26638 1.3702 49
0.26478 1.3917 49
0.26318 1.4115 49
0.26157 1.4275 49
0.25998 1.4482 49
0.25837 1.468 49
0.25677 1.486 49
0.25516 1.4998 49
0.25357 1.5163 49
0.25196 1.531 49
0.25035 1.544 49
0.24875 1.5541 49
0.24714 1.5648 49
0.24554 1.5735 49
0.24393 1.5821 49
0.24233 1.5886 49
0.24072 1.5965 49
0.23912 1.6025 49
0.23751 1.6076 49
0.2359 1.6121 49
0.2343 1.6163 49
0.23269 1.6205 49
0.23109 1.6235 49
0.22948 1.625 49
0.22788 1.6265 49
0.22627 1.6275 49
0.22467 1.6278 49
0.22305 1.6276 49
0.22144 1.6276 49
0.21984 1.6272 49
0.21823 1.6263 49
0.21663 1.6251 49
0.21502 1.6236 49
0.21342 1.6218 49
0.21181 1.6198 49
0.21021 1.6178 49
0.20889 1.6159 49
0.20759 1.6141 49
0.20628 1.6122 49
0.20496 1.6106 49
0.20366 1.6091 49
0.20235 1.6078 49
0.20105 1.6066 49
0.19974 1.6055 49
0.19844 1.6046 49
0.19715 1.6038 49
0.19585 1.6032 49
0.19455 1.6027 49
0.19326 1.6023 49
0.19197 1.602 49
0.19067 1.6017 49
0.18937 1.6015 49
0.18809 1.6013 49
0.1868 1.6012 49
0.18552 1.601 49
0.18423 1.6008 49
0.18295 1.6005 49
0.18167 1.6002 49
0.18039 1.5999 49
0.1791 1.5996 49
0.17782 1.5992 49
0.17655 1.5988 49
0.17528 1.5984 49
0.17399 1.5981 49
0.17273 1.5977 49
0.17146 1.5974 49
0.17019 1.5971 49
0.16892 1.5968 49
0.16765 1.5966 49
0.16638 1.5964 49
0.16512 1.5963 49
0.16386 1.5963 49
0.16259 1.5963 49
0.16134 1.5964 49
0.16008 1.5965 49
0.15882 1.5966 49
0.15757 1.5968 49
0.15631 1.597 49
0.15506 1.5972 49
0.15381 1.5974 49
0.15256 1.5975 49
0.15132 1.5977 49
0.15006 1.5979 49
0.14882 1.598 49
0.14758 1.5982 49
0.14634 1.5983 49
0.14511 1.5984 49
0.14386 1.5984 49
0.14262 1.5985 49
0.14139 1.5986 49
0.14016 1.5987 49
0.13892 1.5987 49
0.13769 1.5988 49
0.13646 1.5989 49
0.13524 1.599 49
0.13402 1.5991 49
0.13279 1.5993 49
0.13156 1.5995 49
0.13034 1.5996 49
0.12912 1.5999 49
0.12791 1.6002 49
0.1267 1.6003 49
0.12549 1.6006 49
0.12427 1.6009 49
0.12306 1.6012 49
0.12185 1.6016 49
0.12065 1.6019 49
0.11944 1.6023 49
0.11824 1.6026 49
0.11703 1.6029 49
0.11583 1.6033 49
0.11463 1.6037 49
0.11344 1.6041 49
0.11225 1.6045 49
0.11106 1.6048 49
0.10986 1.6053 49
0.10867 1.6057 49
0.10748 1.6061 49
0.1063 1.6066 49
0.10511 1.6071 49
0.10394 1.6076 49
0.10276 1.6082 49
0.10158 1.6086 49
0.1004 1.6093 49
0.099231 1.6098 49
0.09806 1.6104 49
0.096889 1.6111 49
0.095716 1.6118 49
0.094553 1.6125 49
0.09339 1.6132 49
0.092227 1.614 49
0.091064 1.6148 49
0.089911 1.6157 49
0.088757 1.6166 49
0.087604 1.6175 49
0.08645 1.6185 49
0.085303 1.6195 49
0.084156 1.6206 49
0.083009 1.6217 49
0.081863 1.6229 49
0.080725 1.6241 49
0.079588 1.6254 49
0.07845 1.6268 49
0.077313 1.6282 49
0.076186 1.6296 49
0.075059 1.6312 49
0.073933 1.6329 49
0.072807 1.6347 49
0.071689 1.6365 49
0.07057 1.6386 49
0.069452 1.6407 49
0.068335 1.6429 49
0.067225 1.6451 49
0.066117 1.6476 49
0.065009 1.6502 49
0.063901 1.653 49
0.062804 1.6559 49
0.061706 1.6591 49
0.06061 1.6624 49
0.059514 1.6659 49
0.058428 1.6696 49
0.057344 1.6736 49
0.056259 1.6778 49
0.055176 1.6823 49
0.054101 1.687 49
0.053028 1.692 49
0.051955 1.6974 49
0.050883 1.7031 49
0.049822 1.7092 49
0.048762 1.7158 49
0.047702 1.7227 49
0.046644 1.7301 49
0.045596 1.738 49
0.04455 1.7465 49
0.043505 1.7555 49
0.042461 1.765 49
0.041428 1.775 49
0.040397 1.7856 49
0.039367 1.7969 49
0.038339 1.8088 49
0.037322 1.8212 49
0.036306 1.8344 49
0.035293 1.8481 49
0.034282 1.8627 49
0.033283 1.8776 49
0.032286 1.8932 49
0.031293 1.9095 49
0.030301 1.9265 49
0.029323 1.9438 49
0.028347 1.9617 49
0.027375 1.9802 49
0.026404 1.9995 49
0.025449 2.0191 49
0.024496 2.0392 49
0.023547 2.0598 49
0.0226 2.0813 49
0.021669 2.1031 49
0.020741 2.1252 49
0.019818 2.148 49
0.018899 2.1722 49
0.017996 2.1953 49
0.017099 2.2185 49
0.016209 2.2418 49
0.015324 2.266 49
0.01446 2.2901 49
0.013601 2.3137 49
0.012751 2.3378 49
0.011909 2.3626 49
0.011086 2.3883 49
0.010273 2.4137 49
0.0094694 2.44 49
0.0086767 2.4664 49
0.0079093 2.4921 49
0.007158 2.5149 49
0.0064239 2.5354 49
0.0057049 2.5497 49
0.0050179 2.5693 49
0.0043537 2.5832 49
0.0037129 2.595 49
0.0030954 2.6124 49
0.0025196 2.6318 49
0.0019835 2.6289 49
0.001487 2.6254 49
0.0010302 2.6727 49
0.00063555 2.7146 49
0.00033232 2.5495 49
0.00012047 2.3274 49
1.4036e-05 1.5832 49
0 2.24 49
0.00013218 1.0786 49
0.00035443 0.61786 49
0.00068079 0.17536 49
0.0010701 -0.11071 49
0.001505 -0.33571 49
0.0019856 -0.51071 49
0.0025119 -0.66071 49
0.0030502 -0.74286 49
0.0036073 -0.81429 49
0.0041831 -0.87143 49
0.0047775 -0.91429 49
0.0053747 -0.94643 49
0.0059836 -0.96786 49
0.0066046 -0.98571 49
0.0072357 -0.99643 49
0.0078658 -1.0071 49
0.008503 -1.0107 49
0.0091482 -1.0143 49
0.0098016 -1.0143 49
0.010453 -1.0107 49
0.01111 -1.0071 49
0.011774 -1.0036 49
0.012442 -1 49
0.01311 -0.99286 49
0.013783 -0.98571 49
0.014462 -0.97857 49
0.015146 -0.97143 49
0.015826 -0.96429 49
0.016508 -0.95714 49
0.017193 -0.95 49
0.017881 -0.94286 49
0.018562 -0.93571 49
0.019244 -0.92857 49
0.019927 -0.92143 49
0.02061 -0.91429 49
0.021287 -0.90714 49
0.021963 -0.9 49
0.022639 -0.89286 49
0.023314 -0.88571 49
0.023981 -0.87857 49
0.024647 -0.86786 49
0.025311 -0.85357 49
0.025974 -0.80714 49
0.026957 -0.83214 49
0.027939 -0.825 49
0.02892 -0.81786 49
0.029899 -0.81429 49
0.030975 -0.80357 49
0.032049 -0.79643 49
0.033124 -0.78571 49
0.0342 -0.775 49
0.03538 -0.76429 49
0.036563 -0.75357 49
0.037746 -0.74286 49
0.038933 -0.73214 49
0.040228 -0.72143 49
0.041528 -0.71071 49
0.04283 -0.7 49
0.044137 -0.68929 49
0.045553 -0.68214 49
0.04697 -0.67143 49
0.04839 -0.66429 49
0.049812 -0.65714 49
0.051341 -0.64643 49
0.052871 -0.63929 49
0.054403 -0.63214 49
0.055937 -0.62143 49
0.057577 -0.61429 49
0.059219 -0.60714 49
0.060862 -0.6 49
0.062507 -0.59286 49
0.064257 -0.58571 49
0.066008 -0.575 49
0.06776 -0.56786 49
0.069514 -0.56071 49
0.071372 -0.55357 49
0.073231 -0.54643 49
0.075091 -0.53929 49
0.076953 -0.53571 49
0.078917 -0.52857 49
0.080883 -0.52143 49
0.082849 -0.51429 49
0.084817 -0.50714 49
0.086886 -0.50357 49
0.088956 -0.49643 49
0.091026 -0.48929 49
0.093098 -0.48571 49
0.095269 -0.47857 49
0.097444 -0.47143 49
0.099615 -0.46786 49
0.10179 -0.46071 49
0.10406 -0.45714 49
0.10633 -0.45 49
0.1086 -0.44643 49
0.11087 -0.43929 49
0.11325 -0.43571 49
0.11561 -0.43214 49
0.11798 -0.425 49
0.12036 -0.42143 49
0.12281 -0.41786 49
0.12527 -0.41071 49
0.12774 -0.40714 49
0.13021 -0.40357 49
0.13277 -0.4 49
0.13532 -0.39286 49
0.13788 -0.38929 49
0.14043 -0.38571 49
0.14308 -0.38214 49
0.14572 -0.37857 49
0.14837 -0.375 49
0.15101 -0.37143 49
0.15374 -0.36786 49
0.15648 -0.36429 49
0.1592 -0.36071 49
0.16194 -0.35714 49
0.16475 -0.35357 49
0.16756 -0.35 49
0.17038 -0.34643 49
0.1732 -0.34286 49
0.17609 -0.33929 49
0.17898 -0.33571 49
0.18188 -0.33214 49
0.18478 -0.32857 49
0.18775 -0.325 49
0.19073 -0.325 49
0.1937 -0.32143 49
0.19667 -0.31786 49
0.19972 -0.31429 49
0.20277 -0.31071 49
0.20582 -0.31071 49
0.20886 -0.30714 49
0.21198 -0.30357 49
0.2151 -0.3 49
0.21822 -0.3 49
0.22135 -0.29643 49
0.22453 -0.29286 49
0.22772 -0.29286 49
0.23092 -0.28929 49
0.23411 -0.28571 49
0.23736 -0.28571 49
0.24062 -0.28214 49
0.24387 -0.27857 49
0.24713 -0.27857 49
0.25044 -0.275 49
0.25377 -0.275 49
0.25708 -0.27143 49
0.2604 -0.26983 49
0.26378 -0.26786 49
0.26716 -0.26429 49
0.27054 -0.26429 49
0.27391 -0.26071 49
0.27735 -0.26071 49
0.28079 -0.25714 49
0.28422 -0.25714 49
0.28765 -0.25357 49
0.29115 -0.25357 49
0.29463 -0.25 49
0.29813 -0.25 49
0.30162 -0.24643 49
0.30515 -0.24643 49
0.3087 -0.24286 49
0.31224 -0.24286 49
0.31578 -0.23929 49
0.31937 -0.23929 49
0.32296 -0.23571 49
0.32655 -0.23571 49
0.33014 -0.23571 49
0.33377 -0.23214 49
0.33741 -0.23214 49
0.34104 -0.22857 49
0.34468 -0.22857 49
0.34835 -0.225 49
0.35203 -0.225 49
0.3557 -0.225 49
0.35938 -0.22143 49
0.3631 -0.22143 49
0.36681 -0.21786 49
0.37053 -0.21786 49
0.37424 -0.21786 49
0.378 -0.21429 49
0.38176 -0.21429 49
0.3855 -0.21429 49
0.38926 -0.21071 49
0.39305 -0.21071 49
0.39683 -0.20714 49
0.40062 -0.20714 49
0.40441 -0.20714 49
0.40822 -0.20357 49
0.41204 -0.20357 49
0.41586 -0.20357 49
0.41967 -0.2 49
0.42352 -0.2 49
0.42737 -0.2 49
0.4312 -0.19643 49
0.43505 -0.19643 49
0.43892 -0.19643 49
0.4428 -0.19286 49
0.44666 -0.19286 49
0.45053 -0.19286 49
0.45443 -0.19286 49
0.45832 -0.18929 49
0.4622 -0.18929 49
0.4661 -0.18929 49
0.47001 -0.18571 49
0.47392 -0.18571 49
0.47784 -0.18571 49
0.48174 -0.18571 49
0.48567 -0.18214 49
0.4896 -0.18214 49
0.49352 -0.18214 49
0.49745 -0.17857 49
0.50138 -0.17857 49
0.50533 -0.17857 49
0.50927 -0.17857 49
0.51321 -0.175 49
0.51716 -0.175 49
0.5211 -0.175 49
0.52505 -0.175 49
0.529 -0.175 49
0.53296 -0.17143 49
0.53692 -0.17143 49
0.54088 -0.17143 49
0.54482 -0.17143 49
0.54879 -0.16786 49
0.55275 -0.16786 49
0.55671 -0.16786 49
0.56067 -0.16786 49
0.56463 -0.16786 49
0.56858 -0.16429 49
0.57255 -0.16429 49
0.57651 -0.16429 49
0.58047 -0.16429 49
0.58443 -0.16429 49
0.58839 -0.16071 49
0.59234 -0.16071 49
0.59629 -0.16071 49
0.60025 -0.16071 49
0.6042 -0.16071 49
0.60816 -0.16071 49
0.6121 -0.16071 49
0.61604 -0.15714 49
0.61999 -0.15714 49
0.62393 -0.15714 49
0.62787 -0.15714 49
0.6318 -0.15714 49
0.63572 -0.15714 49
0.63966 -0.15714 49
0.64358 -0.15714 49
0.64749 -0.15357 49
0.65141 -0.15357 49
0.65532 -0.15357 49
0.65922 -0.15357 49
0.66312 -0.15357 49
0.66702 -0.15357 49
0.67091 -0.15357 49
0.67479 -0.15357 49
0.67867 -0.15357 49
0.68255 -0.15357 49
0.68642 -0.15357 49
0.69027 -0.15357 49
0.69412 -0.15255 49
0.69798 -0.15 49
0.70182 -0.15 49
0.70565 -0.15 49
0.70947 -0.15 49
0.71328 -0.15 49
0.71711 -0.15 49
0.7209 -0.15 49
0.72469 -0.15 49
0.72847 -0.15 49
0.73227 -0.15 49
0.73601 -0.15 49
0.73977 -0.15 49
0.74352 -0.15 49
0.74727 -0.15 49
0.75099 -0.15 49
0.7547 -0.15 49
0.75841 -0.15 49
0.76213 -0.15 49
0.76579 -0.14643 49
0.76946 -0.14643 49
0.77312 -0.14643 49
0.7768 -0.14643 49
0.78041 -0.14643 49
0.78404 -0.14643 49
0.78765 -0.14643 49
0.79128 -0.14643 49
0.79484 -0.14643 49
0.79842 -0.14643 49
0.80198 -0.14643 49
0.80555 -0.14643 49
0.80906 -0.14286 49
0.81258 -0.14286 49
0.81609 -0.14286 49
0.8196 -0.14286 49
0.82306 -0.14286 49
0.8265 -0.14286 49
0.82995 -0.14286 49
0.83341 -0.14286 49
0.83679 -0.14286 49
0.84018 -0.13929 49
0.84357 -0.13929 49
0.84696 -0.13929 49
0.85027 -0.13929 49
0.85359 -0.13929 49
0.8569 -0.13929 49
0.86023 -0.13929 49
0.86347 -0.13571 49
0.86671 -0.13571 49
0.86995 -0.13571 49
0.87319 -0.13571 49
0.87635 -0.13571 49
0.87951 -0.13214 49
0.88267 -0.13214 49
0.88583 -0.13214 49
0.88891 -0.13214 49
0.89198 -0.13214 49
0.89506 -0.12857 49
0.89814 -0.12857 49
0.90112 -0.12857 49
0.9041 -0.12857 49
0.90709 -0.125 49
0.91007 -0.125 49
0.91296 -0.125 49
0.91585 -0.125 49
0.91872 -0.12143 49
0.92161 -0.12143 49
0.92439 -0.12143 49
0.92717 -0.11786 49
0.92994 -0.11786 49
0.93272 -0.11429 49
0.93538 -0.11429 49
0.93805 -0.11429 49
0.94072 -0.11071 49
0.94337 -0.11071 49
0.94592 -0.10714 49
0.94845 -0.10714 49
0.951 -0.10357 49
0.95353 -0.10357 49
0.95593 -0.1 49
0.95834 -0.099271 49
0.96074 -0.096429 49
0.96314 -0.092857 49
0.96541 -0.092055 49
0.96766 -0.089286 49
0.96991 -0.085714 49
0.97216 -0.082143 49
0.97425 -0.079738 49
0.97634 -0.078207 49
0.97843 -0.075 49
0.98052 -0.07121 49
0.98241 -0.06742 49
0.98431 -0.063338 49
0.98621 -0.058382 49
0.9881 -0.053571 49
0.98977 -0.05 49
0.99144 -0.045991 49
0.9931 -0.03965 49
0.99477 -0.034985 49
0.99608 -0.030831 49
0.99738 -0.023688 49
0.9987 -0.011079 49
